10
1566
1705
15
1868
37
1624
415
1252
796
1098
1383
1191
1420
1865
412
1645
1936
1566
1705
15
1868
37
1624
415
1252
796
1098
1383
1191
1420
1865
412
1645
1936
1063
1634
1411
1005
1106
1893
658
894
1658
75
1643
362
1774
1653
716
1596
111
1396
937
128
1066
485
921
850
358
1247
1366
1788
1329
1075
1088
31
578
577
910
549
669
57
548
1256
1299
1610
1804
1955
896
1878
451
1844
752
905
563
43
1838
1966
426
633
1806
1923
166
907
1782
286
1828
626
1018
721
1135
925
342
1236
1706
1655
1351
613
67
355
353
1751
303
952
172
1789
1608
838
514
138
363
845
1680
1957
746
301
429
1019
923
1995
183
1077
214
1378
992
772
1240
1327
1273
1072
282
1169
1265
652
1945
554
1908
1542
1306
1262
1336
670
853
269
1337
1997
946
943
163
1360
1916
1602
16
65
306
1405
536
1603
1805
446
136
1231
877
1660
258
912
1158
1595
1836
1953
371
1137
1987
534
56
1449
552
953
1417
623
837
1715
1661
1032
373
1044
1889
40
1861
1663
1558
1275
1268
1541
1719
1556
85
903
1772
1035
807
732
1255
481
1671
1134
760
761
470
758
757
1280
696
1925
1163
315
1874
999
1934
1335
1372
642
1308
247
929
1895
638
1958
927
1061
1960
484
395
1489
1423
1381
1229
1195
158
1703
161
