6
5344
1341
5722
2796
7194
4087
5996
1276
4652
4799
1544
1237
2979
2681
4426
282
2514
5314
4516
3200
2836
1105
7549
4945
5577
1814
6362
5344
1341
5722
2796
7194
4087
5996
1276
4652
4799
1544
1237
2979
2681
4426
282
2514
5314
4516
3200
2836
1105
7549
4945
5577
1814
6362
5503
6833
3057
2000
2158
7105
7426
5563
7061
5786
7094
7328
3829
750
4103
6504
1107
2075
1948
3004
7278
7446
4441
508
1896
4504
6867
3448
4396
6118
7627
3838
1271
5131
2782
2248
4325
1219
4464
5423
1434
1258
6581
5975
2760
731
7468
262
7385
7886
6735
6071
249
952
250
3741
298
4458
7283
4038
2631
7
756
1824
4934
691
676
6164
7684
6328
4764
5039
7286
4956
929
7496
7614
6780
4093
151
6225
2039
7927
4539
4836
3813
4757
1068
3344
6178
7252
340
3603
6727
1832
1234
679
4862
2077
460
7116
6729
792
1144
1912
779
697
7563
7766
4679
2823
419
3812
7992
6802
6218
4050
7056
497
6602
5662
7343
3201
6168
7435
6873
6015
2367
4309
1317
3552
3334
299
2557
931
79
690
2104
7683
3087
3403
718
1501
4169
4205
4695
2117
6753
502
561
5776
3221
3314
5367
382
2325
1476
6657
2055
7085
637
3306
850
1677
3219
1281
4404
4502
998
6908
3562
7511
630
829
1343
1082
5863
1389
2849
5607
7197
1201
3833
2385
7305
7959
582
3316
1899
7715
85
6153
7458
1743
4673
5470
7026
7092
3496
7580
644
2723
5514
4724
790
677
6785
7752
6725
4824
2200
1804
1555
3329
1164
3599
5020
3026
2944
5700
3411
845
212
5086
2348
3638
1176
7668
2512
6763
1049
7632
6666
7162
4835
2435
889
3616
1367
3571
4650
106
4100
1125
259
6524
6847
1854
2298
7508
6131
4153
3984
6673
4301
6020
5691
7487
2136
6624
1406
3893
5771
5138
6960
7040
5654
1015
3013
7188
7375
1865
6900
4263
4176
3431
7417
2127
6996
4748
5037
6544
6858
607
7021
2483
6404
7497
4284
182
2684
4598
4568
2765
7233
4924
7611
3478
1173
2795
3095
4965
441
2788
4466
7585
4621
5869
4124
7686
6744
5029
3237
2771
7601
5794
5090
4355
2590
3302
6703
6096
2922
4337
874
599
1923
337
999
2260
986
3247
3855
568
814
7823
3553
2446
3452
2630
717
6388
1429
6714
4027
4765
1590
1123
1633
3354
4470
210
3359
2697
3321
6257
1882
2649
7570
5797
6709
1774
1779
4420
3727
6187
890
596
1983
1172
5310
2819
580
86
5190
5906
2928
7858
1064
1943
1817
2174
6741
1714
1250
3312
5149
643
4126
4004
103
2841
498
3734
1793
965
7082
7526
260
2285
1245
4257
6384
6181
5727
3428
2812
1046
5945
2322
5173
6829
2639
1810
7595
5342
456
3012
5940
356
3003
4811
3495
7980
2798
5929
3645
2852
319
3952
1405
5274
4828
7392
5677
7694
1232
6133
7543
6025
2668
7628
2124
1254
6011
7727
7931
3469
6501
4285
4840
6795
6883
3679
5982
2239
6981
2493
812
5374
4172
5249
1756
6469
6174
962
6360
4541
3077
7211
140
5668
1340
41
1653
540
941
7900
7365
414
5150
4321
4677
4512
6838
3955
7761
7731
740
6110
7916
601
5988
7770
7586
7667
7985
7491
3630
2931
4614
7210
1805
1170
5033
1418
2275
5474
4456
4147
7043
5808
3444
5035
4692
3132
2997
1634
3772
1355
7809
3279
1533
42
4432
3711
608
6816
6039
105
3744
3965
1719
1156
2679
2235
1557
5847
7330
3850
3109
4615
4380
6531
545
2891
452
6770
7295
2943
1339
2310
3573
5904
2012
3809
6486
5713
2422
7709
2319
3923
313
6377
3261
5300
6912
1850
4391
5955
6024
2671
3227
3195
4400
6872
1493
3036
5762
21
5287
1021
2933
4048
2832
1468
2017
7066
7062
1131
7296
3713
3418
6247
7359
6166
7386
521
3907
5763
2269
5351
131
23
4026
4735
3114
3835
1472
7111
1656
5466
5257
1772
3457
4402
1465
1060
504
5326
6846
6987
919
899
6359
6408
3007
5854
3427
6928
3220
4503
1255
600
3161
7460
7609
4790
3689
4582
4363
265
5543
505
3399
2085
7512
2333
4769
1375
7723
1791
6885
2034
7665
4883
3462
5204
2165
5482
2205
1099
7804
1452
4698
1867
1446
5572
6472
5440
3724
1387
6367
234
7269
4078
6978
4216
7554
1727
3934
629
31
721
4891
3318
7267
7310
2786
3338
5246
583
5999
7340
4330
6564
2349
6342
440
2147
3587
2511
3083
6511
4314
261
5395
101
6760
5396
341
5876
2829
6911
6598
1566
4376
2135
1851
6161
2043
4412
7999
4291
4449
2988
2993
4111
2337
2881
7888
4421
809
6417
686
16
5924
5297
934
6258
7610
3085
2946
4290
3524
3351
1950
2026
710
5443
738
7374
1090
2680
4737
1495
278
5393
7527
7311
5017
3223
1986
2632
6339
7657
4336
2978
3397
2463
2945
6936
5720
5323
4319
2197
1523
2766
615
5537
28
7811
4788
7655
5194
271
4784
1660
7166
6121
4963
2709
5963
1528
2166
6296
6167
3018
2263
5695
3714
7099
228
4659
780
2115
3708
7304
3027
6811
139
2976
5024
6608
5756
6476
2180
1005
1678
4069
3451
4898
3614
5569
1624
4912
6962
5312
65
3120
6274
2106
4303
6696
5524
4693
4915
3987
4917
1635
3790
344
6533
2272
4204
3705
1707
6895
5816
7974
3207
6353
5457
5178
1715
6651
1349
5119
1188
2847
7414
915
5077
6297
4473
3125
772
4763
121
6226
5828
7337
6594
7437
3980
3732
6426
5414
1117
3246
3192
4543
7148
7327
4747
6446
575
406
4151
711
7747
2655
3274
2220
4081
2103
6711
1789
7145
1966
2217
2868
5070
4728
5398
3127
7064
7505
7756
3387
6042
6945
7906
6306
1784
2973
5642
7745
4669
1972
3612
4209
2658
3589
3527
7584
3304
4983
5892
4888
5651
3636
5475
5701
1981
5048
24
5325
6748
1546
4264
2712
7436
7735
2406
1110
6848
1391
4685
7582
6634
1136
2397
1213
6269
2434
2565
2705
5293
5282
3775
1695
4647
1210
4079
5265
2839
7292
1076
7454
7885
5555
4022
6995
1292
739
2918
4955
6453
3244
7828
1233
7427
976
2120
947
2299
4525
3760
6650
2399
2740
2608
2547
4023
3572
2196
1531
7034
6701
1607
3287
7420
4092
1088
5529
4856
5286
4927
3843
1614
4110
5348
4448
6493
7098
2362
7933
4372
330
4664
4408
4808
4589
1299
1014
7654
1395
4227
2072
430
6219
6412
1023
5877
1051
1733
3435
6488
254
4360
6974
654
2152
134
2307
1681
7253
7168
136
614
3019
6582
1211
926
3273
3669
3149
7382
5100
7664
4529
1875
4732
7173
7113
5142
7231
2636
7704
6271
7369
7841
2670
5984
2577
1585
5183
7492
2468
1543
1401
5552
3150
3620
5907
7322
3749
2268
564
7635
2621
1689
3140
1461
5610
