1
1315
1989
343
1375
1435
292
981
590
1711
444
456
517
934
1260
1445
672
126
1888
1790
561
1413
1008
1848
591
1092
1315
1989
343
1375
1435
292
981
590
1711
444
456
517
934
1260
1445
672
126
1888
1790
561
1413
1008
1848
591
1092
1342
1226
1927
1326
1333
476
308
1515
295
600
142
704
1196
1123
876
468
1740
124
950
685
1207
1901
338
104
1821
44
1662
457
1718
452
1248
1910
974
1447
228
427
887
1825
693
1082
460
1757
256
842
1929
312
1006
1174
98
1348
155
829
989
714
268
825
1521
1911
1150
1856
1491
1793
277
244
1988
977
651
334
1952
1744
1592
230
1941
985
1762
731
1907
582
1950
116
350
219
1508
875
499
1185
1047
828
1536
54
966
1230
1049
1547
565
202
251
422
50
1361
1482
1973
1476
169
1970
585
171
337
1490
1257
1843
246
987
518
1722
38
21
385
1831
123
1193
1056
1269
1120
1296
1053
125
1926
18
356
1743
357
143
428
915
227
814
1833
928
537
1779
1473
1180
918
971
663
1010
203
223
1292
1083
42
434
1704
834
1278
1149
1341
654
698
1554
354
1701
86
109
1430
1188
1564
993
706
882
1309
471
1599
1841
805
930
409
569
1801
1274
870
1978
917
1709
1065
346
586
14
634
1750
958
1656
1055
852
797
283
1852
1104
922
1172
941
349
532
1758
774
1456
8
60
1425
1362
1879
700
1001
1403
425
618
1614
387
1481
1457
241
551
1628
1770
236
310
1884
949
1506
1601
1224
753
872
1767
1898
1242
339
465
1659
1866
1466
812
450
1913
1922
1914
1208
13
1681
1919
1084
982
743
1094
1060
1146
1533
576
1199
1380
908
986
411
433
509
1291
1415
916
1639
1129
9
413
1735
1079
117
1519
895
424
1288
404
1629
1975
118
546
784
1956
709
889
498
1301
564
1961
1386
405
1213
1086
1694
262
1132
955
147
1186
1773
767
879
220
1672
968
1331
1373
1728
628
1840
790
865
372
1263
1454
625
304
45
1412
744
1470
602
1683
1181
1302
82
270
1451
328
995
1002
1276
573
1816
224
629
1795
745
1020
1312
284
562
1887
533
1560
1537
1103
1492
1892
1115
1954
860
1582
785
1303
524
