37
5426
5983
3761
2107
7714
4518
6621
6706
2855
7889
2145
4471
2129
2885
6913
4583
2176
3486
7237
159
7379
258
5426
5983
3761
2107
7714
4518
6621
6706
2855
7889
2145
4471
2129
2885
6913
4583
2176
3486
7237
159
7379
258
1600
2054
2896
1535
2466
6445
2975
1483
7636
6653
5268
7297
2306
145
4146
5152
2969
5574
2391
2131
939
2835
6070
878
3684
6098
5638
4429
2460
557
2789
3530
3830
7950
2629
197
3268
3943
7159
5224
2007
3265
1269
7810
642
5510
4465
2154
1584
3621
3362
5930
7476
2228
2654
6884
1175
6718
618
5328
6647
2002
2791
432
918
481
5657
7103
2372
6101
6916
4961
3415
6222
6087
6793
7488
5705
6766
3122
1659
2569
2025
7935
736
7285
1623
3285
7982
1842
280
239
4367
3535
5825
6952
6722
5782
238
5051
703
1409
1190
2350
7356
1380
2727
5841
5706
5411
1680
3849
6141
3950
355
5900
6944
1393
290
6910
3074
665
5327
1032
2564
6320
2282
2028
3673
1747
3880
574
595
5135
7589
6515
95
974
3422
2869
7557
2971
1439
1047
4646
3369
3103
7537
3597
3975
328
6922
4373
2843
