3
1147
4491
5388
6332
7395
6942
3544
839
7224
7514
2890
3281
4260
945
5171
5206
5349
1863
7556
418
2014
5279
5630
6500
572
5860
1622
3969
1821
3388
5712
1122
2114
1178
1147
4491
5388
6332
7395
6942
3544
839
7224
7514
2890
3281
4260
945
5171
5206
5349
1863
7556
418
2014
5279
5630
6500
572
5860
1622
3969
1821
3388
5712
1122
2114
1178
2571
4792
2999
2567
2500
4726
4219
5908
7910
1416
3661
3208
3648
5427
7600
2546
3815
1937
7930
6205
5567
2676
7608
6109
6191
7364
4399
4371
7167
4877
7313
3655
161
2192
1864
3634
5679
4905
2231
7260
305
2351
1655
4305
1519
443
7355
6592
5871
6857
2617
6351
7853
1820
4982
5895
2872
3971
2848
1887
6950
5490
4865
5082
7868
7401
279
2817
5307
3579
6272
2805
1873
3049
7143
116
6198
60
4617
4510
7561
6614
6170
1974
7878
966
408
1917
20
7626
4719
2662
115
5579
4212
4738
726
2327
2084
2900
2229
6980
6000
448
3710
2816
880
5486
7372
7096
3978
3484
1693
7765
5970
469
5557
3801
1956
3995
6023
2128
766
955
1462
844
4406
6471
7133
371
1313
87
4053
2150
5453
5263
267
4938
2757
1474
6140
7642
6427
5130
3752
3386
433
2534
7003
5884
6344
5488
1786
2138
6568
6790
5424
4200
3157
6126
6539
7106
1971
2666
5764
2981
3148
2987
6759
6386
6596
7013
4506
684
5789
6203
733
7329
1411
1728
3888
6261
632
5585
5041
7838
5115
716
1306
5159
6128
2140
7719
1628
1618
7071
7943
3051
5619
838
1691
7976
3144
6312
7892
5749
6859
7299
7240
765
5106
7821
6295
361
6177
873
3919
7687
4874
3134
2183
1011
996
7438
1870
7758
6659
2068
562
6190
7077
4028
202
7239
1740
2694
7475
1506
3124
1007
3526
5200
2432
872
5102
4519
1489
1053
6263
7599
5081
791
928
1586
6599
1525
1704
3768
4000
1055
3668
4385
1264
7682
5177
3145
3736
3099
1024
7199
366
1551
1371
5856
3030
810
2719
4481
1195
7384
5478
4254
5110
208
7919
5947
4056
5164
2387
2776
4326
48
4931
1500
1973
4666
5518
2515
2956
3912
3900
1893
351
4793
5516
1263
5015
6113
177
4201
6615
325
1241
2031
674
769
548
7005
5819
7335
3837
2616
7967
5449
942
964
6923
4911
7428
7757
1048
7993
5428
585
6467
827
6560
5648
4224
7698
1696
6315
2498
1564
1608
4020
7503
2193
7263
4074
5896
1114
2927
1993
3250
5664
1771
631
2703
7691
7416
1834
4534
4893
6324
3755
6954
4352
708
6448
7669
5180
7724
226
6587
6971
5747
2977
1951
222
2772
3860
6006
1829
2203
6245
1510
853
3832
33
1484
4294
7171
1103
5681
2111
2597
7445
2006
6201
6902
494
4996
7904
6403
773
2555
3253
2531
2601
3601
7017
1759
5887
1268
2443
3172
385
2427
4762
6537
3301
1249
5010
893
1856
5283
3986
3029
5439
2241
6303
5582
2861
5181
6959
2663
6768
2105
938
4062
696
1126
1888
662
6804
168
7675
7151
3413
6019
339
6061
3691
3911
2623
6250
3671
3807
4723
5730
5560
3080
4545
6333
7620
2303
4625
7649
2408
7553
2698
1322
6465
6459
1080
5680
954
6221
5874
6018
4328
7163
4974
7517
4815
5731
3475
1366
5620
4060
7441
2179
3825
7971
2494
4892
5217
857
5618
6738
5766
6278
7256
5185
4152
205
3871
963
3205
2888
111
388
5331
198
5885
3728
5471
5796
3596
2476
4826
2167
7567
891
6921
4889
4
5934
2644
5658
760
2156
1562
2470
6641
1790
5416
969
4553
5009
4733
7027
1079
5532
754
5452
2532
3290
3255
7692
164
4949
5559
5401
6005
6774
570
590
7048
5231
2249
6449
3421
1050
3717
6169
6369
1150
2037
3631
2457
2880
785
7822
1181
4241
5448
4041
7952
4446
5303
4262
3957
4662
3557
626
6855
5659
1886
7068
104
4580
1442
882
4243
6776
5277
307
4047
4439
4064
7345
1668
4550
3565
2626
4690
2009
4288
6875
3289
682
3226
7499
819
7484
586
1857
7739
3384
5195
5591
4619
2685
4088
2163
7091
464
1402
1627
109
5602
6189
1841
992
7988
7423
3920
4923
1174
5872
3797
3737
2584
7440
5838
5519
5902
972
634
7753
930
2194
7518
689
1067
2827
128
6613
2800
4341
5784
7894
7897
4306
5302
5134
623
2915
7941
5508
4548
6293
7412
7539
4885
805
3615
5844
1975
5319
935
7647
3008
7108
3238
6300
2674
2250
2364
2345
300
4845
531
5542
7969
6185
2585
2224
1256
7746
2004
6919
5905
3964
7410
6929
3840
3229
5004
3492
7902
5809
5923
2610
2583
3944
2447
1197
2883
165
1057
7536
169
4558
4559
3060
1075
6522
3942
2720
1652
6157
4880
5089
728
6163
5515
2541
5736
6217
74
6593
2276
5045
6807
3333
5191
4188
3234
7862
2783
3210
130
7651
3046
4882
3328
4384
124
5935
5038
6712
5581
2572
2743
3765
7690
1604
6186
6277
5716
6482
5500
5839
2846
5366
1720
1606
1333
5538
5092
7808
2378
3477
4125
7307
216
2335
7276
376
4814
4802
2213
1517
3867
120
5296
7123
5238
2615
6788
5383
3439
1044
2573
1596
5188
7865
1746
7225
3242
4939
55
5669
2683
5643
4952
70
5273
6638
4217
5346
6992
6868
6970
1615
1419
4424
6721
480
3782
6803
3742
6924
1129
7515
171
3932
195
5253
4682
5997
5179
240
5684
6366
5969
1969
5324
653
5078
4259
7271
3442
6372
7272
5665
5392
7054
3688
7932
3474
6739
7431
2331
5688
5094
2991
1488
5473
6492
6402
2951
2525
1412
925
3541
6519
4639
7262
6644
2462
957
7534
1319
2092
4830
4356
4401
3538
3461
7203
3052
4706
815
2748
7705
6236
4739
5777
6836
3398
7541
6671
4586
6497
2917
6611
7439
1337
7019
7905
1251
1639
2687
73
5494
1861
6399
6563
6215
4631
4185
4435
6994
4040
3417
6242
7569
6485
6364
571
5299
1016
3692
5076
2607
5531
7370
778
6419
500
2024
2073
2139
6035
1593
6093
5399
1994
6081
7936
7820
2605
3039
2280
6079
7177
7940
2730
6844
2909
6336
7506
2717
7718
991
11
4206
625
5761
5019
1003
7411
7963
5172
6734
3948
493
1995
3379
5072
4629
1185
2473
1414
1938
5241
7342
7227
2726
7002
1180
6903
2099
3875
2277
4113
7325
4758
6989
3731
1440
6033
4198
7679
7732
789
170
2566
3425
6405
4852
2859
1146
4807
5377
594
3037
1226
7132
7079
4045
7875
6036
3898
2678
3345
2528
7254
7689
5661
5778
1116
2907
5558
3266
7629
940
1427
2184
2287
3225
1907
7242
5728
3549
3378
5744
6252
7102
1358
237
3303
2394
3939
6294
807
7114
3694
4436
7448
7406
3733
7596
3681
63
5536
2233
5404
743
4729
6631
1550
5824
1884
7603
2550
5243
2146
247
2962
4896
5615
2339
449
7660
7961
6508
3591
2887
1766
6689
6310
7212
2094
5800
6824
924
7722
3045
268
1438
4364
4202
2338
6675
5751
3564
3331
7856
4772
7415
3228
2628
3921
7008
5189
7825
7466
1891
5652
4248
1492
4189
347
6525
6822
4944
2830
520
3514
2278
3117
3531
621
2716
7824
3184
6940
2645
1308
4797
52
1009
7459
1760
7615
871
1686
1961
3374
5961
7728
2475
3945
4440
7598
7726
2430
3756
5379
1577
6550
802
6674
6901
3089
69
7680
6925
3275
1399
7741
2083
6769
3537
317
1931
3494
6397
6022
509
5234
6030
1017
5636
175
3502
1785
3595
5960
2648
1148
4437
2802
2323
4523
6283
1202
3697
5693
4277
2142
6584
4777
7597
4922
3931
3075
1945
6938
4423
1112
672
4071
6414
5409
5353
968
3908
6710
1663
5292
4754
1996
7153
852
5592
3635
7490
6668
2950
6432
7837
1636
2724
2186
3909
7744
2744
1962
2238
7788
7176
7312
6304
2484
348
6231
5595
1464
5308
1530
422
1186
3153
6669
6890
3918
4368
1773
4282
5264
3010
6588
1413
6138
2579
6545
25
4390
2410
527
392
1699
2116
2838
5221
5355
6949
7181
1424
7877
297
306
4324
5566
354
886
7223
2361
6002
4014
683
1252
3917
7255
5160
1143
5826
2040
1906
2721
2452
4767
7842
5046
2016
3270
5222
1109
3788
4287
4658
3536
2392
1018
2604
1246
6298
1294
909
2360
3324
1029
7964
6743
2160
5993
6073
4427
5837
4106
7558
5835
1713
7399
6843
6612
2762
4120
1403
1558
1855
6574
7104
6606
2924
3754
1145
1827
1422
3433
979
7180
2386
1522
4362
2893
3350
1603
173
755
4866
2270
5085
4351
1034
598
1243
1332
3937
2491
174
6089
515
1631
4749
849
5629
329
5729
6176
5965
5097
3581
3954
1124
1321
4841
6435
3625
7020
6086
7583
6152
117
2274
2198
7504
3676
1929
45
3647
7398
5855
6687
3372
2548
2638
7390
77
3419
6299
4818
2316
1637
6719
5472
4810
