4
661
897
1932
1621
1979
1571
1678
314
1522
1785
1394
30
1638
1220
1100
341
370
749
560
1999
1009
1235
1469
108
150
1726
1272
1947
1136
777
1118
296
740
71
326
1388
1050
120
213
1817
859
1526
864
1016
28
956
661
897
1932
1621
1979
1571
1678
314
1522
1785
1394
30
1638
1220
1100
341
370
749
560
1999
1009
1235
1469
108
150
1726
1272
1947
1136
777
1118
296
740
71
326
1388
1050
120
213
1817
859
1526
864
1016
28
956
1682
173
936
260
333
1294
612
1113
768
1428
1201
592
1243
944
1051
68
211
1875
96
1543
699
734
970
1328
1028
1139
717
913
206
1712
780
110
1376
521
300
1685
1121
773
1965
93
181
1080
769
1780
1431
1189
798
1472
1611
1354
1175
811
1178
493
1938
59
1110
435
1440
401
29
243
80
221
1707
1771
742
1320
332
1057
938
1475
1679
572
1802
1014
449
1553
41
1657
718
799
22
1141
641
1511
1776
195
320
436
558
1261
76
141
902
786
1549
1078
1588
134
390
1562
893
507
863
170
705
348
619
1143
1853
832
1385
1339
1029
180
1787
965
35
1105
101
1539
1818
432
1039
384
833
322
52
1797
603
622
730
886
697
478
323
611
442
1584
1729
495
571
781
873
441
1578
1266
1742
1891
664
1325
1654
1976
665
1076
1949
1502
559
316
261
12
1587
1819
1429
1214
187
733
330
848
525
1298
488
710
516
239
1921
92
1708
610
115
1668
1495
1314
179
1015
107
148
324
1187
1753
964
1300
345
980
1620
627
271
364
1446
87
1697
445
821
1026
820
193
240
1607
1244
782
205
1811
1974
1799
1279
1510
447
983
614
1834
393
1407
1820
802
1194
105
174
1650
596
962
1649
754
808
1869
856
1349
523
1551
1600
423
1221
1442
933
707
17
1245
24
1108
1626
1597
515
1494
888
1877
607
866
1147
630
566
1741
504
63
683
1531
931
491
1067
682
368
1702
1625
1198
1822
1959
1589
1813
407
868
199
1794
377
1665
1737
131
267
459
527
598
1761
430
1885
1305
1527
25
375
1283
1583
940
1909
788
1249
1623
1948
1827
274
474
1585
680
703
604
420
543
1114
1159
302
121
1518
1993
453
674
1640
344
114
587
194
1250
1182
822
1287
1859
1064
403
1627
266
1478
617
1070
462
961
1648
643
1173
1254
1037
396
331
1826
636
712
1513
288
1332
501
1054
1474
1984
1944
770
880
1687
1725
702
352
935
1756
1532
1963
378
1766
207
1721
1792
973
1033
1881
365
1906
846
867
1720
229
1289
715
1796
650
1808
61
298
1572
644
1161
1089
1986
695
1568
1998
1477
1677
1218
763
839
410
7
1747
1151
48
1847
1985
1025
645
486
653
750
1991
1647
1823
293
1609
675
1942
1487
1972
146
103
729
1765
168
1561
677
294
1157
416
813
1234
1200
1845
581
1334
1317
6
1443
