5
291
4782
5275
7538
2090
2930
6927
4935
2775
5564
3381
5101
4428
2808
4009
3610
4610
428
616
801
2021
2696
1298
5868
5332
7734
186
7743
1711
3972
1963
4667
7334
6726
4430
372
5313
3141
1619
2519
5506
4863
34
7391
5588
2937
291
4782
5275
7538
2090
2930
6927
4935
2775
5564
3381
5101
4428
2808
4009
3610
4610
428
616
801
2021
2696
1298
5868
5332
7734
186
7743
1711
3972
1963
4667
7334
6726
4430
372
5313
3141
1619
2519
5506
4863
34
7391
5588
2937
3055
2948
2246
3240
3069
287
6480
2599
5849
6532
3550
32
7613
5032
3164
4495
3548
231
7087
1598
3009
2477
5023
4075
830
7909
13
7493
5617
6158
7170
7494
7903
29
6553
7730
4680
7059
2606
1967
3576
3062
434
2912
4196
7998
1753
1613
2211
5886
774
6053
363
4635
2595
3793
4348
3822
2957
7887
7795
3023
4375
4183
3588
5562
3716
3025
5103
6491
4433
7128
7945
5512
4011
5122
2003
4374
1227
5202
4013
5088
5391
6541
5987
2858
7154
2265
4530
4302
5055
5394
1644
7523
2227
3511
2492
6586
7819
1897
4342
2742
3873
6383
4727
7896
6044
1520
7140
836
1799
4174
5233
365
7075
4383
2559
2424
6896
3131
7666
2544
2785
7818
3757
2889
2051
2300
2938
2700
7235
5807
285
6856
7588
5928
3644
624
3033
5875
6337
5832
189
4776
3718
5120
5936
3994
4957
3366
1471
3814
5851
2255
5211
7616
3073
5269
4016
1216
3585
1362
7164
4099
6943
3108
732
4136
1431
5080
5590
3910
4721
6680
7000
4194
7498
2444
160
5014
5403
7817
1120
467
1944
3155
5220
7606
2390
1587
6069
7721
5527
6749
6117
4008
1430
1905
1130
6345
5458
1617
1572
6356
2622
6031
1470
2046
3520
5445
2594
5205
2919
1836
6874
3683
3348
5671
2506
3352
4916
6244
450
2423
6990
6561
5992
7834
6773
5074
936
229
2448
1843
5186
3674
7183
6845
1218
6879
2070
461
3212
7028
7658
7189
1224
943
5162
7318
4497
6264
6062
7110
6285
6645
5258
5232
604
1478
6406
1408
5309
7023
7544
734
1415
1361
7839
1922
1812
4226
1238
5513
4774
7763
2254
3703
4327
2189
858
5295
1880
2513
2191
4213
3816
6474
7161
3664
6352
2894
6826
5793
119
4051
5676
3961
178
746
7404
3269
1344
3722
2713
6818
138
5805
2964
6757
7030
4237
2804
3204
6335
7673
1830
5419
3309
7152
5436
1960
6984
2454
248
7037
4276
2035
2472
7965
3525
7042
7507
3465
7418
2143
4941
7442
6751
6470
4046
72
912
3050
547
3546
6871
2086
3377
7966
1118
7368
5890
6850
1692
3927
2458
2402
476
4511
3869
3662
5438
3989
123
2311
1909
3295
368
5666
5412
7572
4300
246
5280
7160
3608
4587
3767
7294
7155
4954
7366
804
1081
359
6498
6619
2368
4515
7317
3066
2480
4703
5606
3105
7125
3343
4745
4999
5245
761
6529
2320
5734
1883
1199
6514
6937
7321
3904
7547
4434
4705
1275
4654
3375
7053
7218
269
5632
6440
5507
6909
6078
2958
5298
1441
6107
7806
76
7648
7994
6765
4096
4535
5415
4177
7067
7876
6100
6556
2380
6111
3252
5641
5363
2860
3924
2853
1801
5210
6487
6565
6825
4741
2273
1036
6192
2369
7970
983
4382
3682
146
1738
3753
1898
295
3586
3582
275
7309
3483
5827
321
5505
6438
5971
3522
4474
12
1311
1573
179
6348
5765
6246
7424
274
6413
7467
2133
1460
5672
7602
374
5244
7044
7522
3853
1515
3856
2036
1451
2895
4469
5123
4353
7434
860
6162
1277
49
6396
183
7444
818
4019
7471
1767
5857
3951
3450
2862
1643
39
4049
7800
784
6578
4540
1139
7754
1291
1537
2576
4817
6986
517
2711
4072
4395
5919
4611
3000
5095
1776
573
4780
158
3116
3861
4632
4929
1247
3712
2405
5036
2374
1835
6667
3500
3902
2437
7813
6955
4565
2659
2164
4131
7740
2780
2718
5087
4025
6230
5915
3675
7482
727
4546
4787
6861
5980
2401
3202
2901
3024
3280
7786
0
5064
1540
7917
1751
6095
4077
861
5018
6379
6623
2530
5964
3113
7934
1423
1200
3534
3330
787
1324
1063
3011
4173
7799
4994
610
5317
5865
6183
3970
7871
1718
751
2508
2876
3570
3390
4089
2968
1149
2578
4369
5787
7832
132
3687
5237
5410
7643
776
3423
6475
7402
587
6103
4165
4145
6249
6755
1819
3956
7805
544
1242
7031
1926
1158
2414
2089
3506
5994
2777
3693
5083
4578
1013
3834
563
5502
4275
501
5757
3685
3215
1069
7849
6815
1542
3928
4413
375
2066
3248
7333
1417
5625
5699
7124
2383
2053
1647
514
5721
5570
6454
5208
4759
50
2041
7979
730
4236
4702
1997
2240
7812
4123
5176
7129
7270
1444
6105
6652
831
4887
6428
7594
4073
431
7480
7866
383
6049
1168
636
1244
7088
2871
2691
2537
4468
7221
4076
4848
6632
1318
207
6340
1215
1611
3100
7773
7997
3472
2850
5446
2877
6248
795
1290
3559
6639
4270
3758
6483
2874
7708
822
1806
1750
6549
948
5624
2688
4482
7122
110
3515
4251
3480
2961
6385
4138
7001
1507
1329
1769
125
7802
3696
2591
314
1890
905
2612
6392
7261
4273
897
5454
4651
5952
6260
5597
2318
3209
6041
1426
7899
3529
960
2539
7447
3470
5361
6443
2821
1235
5497
4688
1286
1688
4918
7246
1768
3695
3346
5371
2261
3459
5897
3086
1108
2779
1359
7229
181
5322
7749
6307
2758
1721
5842
1940
6965
3367
7461
1327
451
4042
1778
816
1822
7733
1448
6256
7973
409
403
3702
5521
3706
7208
474
4751
233
6085
7178
3510
4480
1599
2619
7913
2611
4149
7349
4063
4211
5330
5772
3115
1443
4584
1450
3214
196
2069
946
775
4012
5163
916
824
6880
4250
5848
7944
5155
1970
3111
7308
1838
7266
4637
6108
1304
6148
5760
2389
1487
3138
4561
4389
6229
3068
6329
1368
3262
4117
3152
7115
4942
4058
7107
1274
6314
4869
870
166
7566
4168
2045
2486
342
5598
2157
5104
3652
1667
3162
4315
2533
1187
6442
7232
3174
5752
5814
6155
391
655
5989
1302
782
3165
1453
5540
2429
5633
6973
2065
7977
4803
3499
843
4415
6842
4180
7545
7196
4853
81
343
5834
5382
6576
427
1734
4627
7879
5957
3862
6234
3407
7803
1041
555
384
6528
6939
6382
66
1745
3142
5413
2297
1672
923
7247
1642
4299
5043
2813
1811
438
311
2071
4343
5522
4964
4322
3198
6466
6692
6806
1794
7430
3371
7697
5781
1991
6889
3158
1990
3059
6831
4222
5944
3935
4161
989
1732
5145
2892
2359
1323
90
7039
6220
7742
7275
4345
3445
1597
2496
3795
3774
3563
394
5649
3056
4750
5170
488
4269
6207
4809
2032
2428
6778
4602
2488
6662
5637
6854
7981
4085
5603
6542
4576
2291
6407
5400
7479
1541
2221
3805
3872
3627
4642
1257
5714
6305
6555
1722
5105
1253
5228
4452
4191
2453
4350
3725
3567
6136
5381
1314
6139
3846
4829
2985
1988
658
7645
5920
2170
2502
5385
7339
951
3539
4542
524
7874
1102
4552
5129
2382
6591
4265
1547
6048
6964
6444
58
2551
5477
2734
6713
659
4310
2244
694
4193
429
2913
379
2050
3533
2059
2366
3996
1167
6196
1388
1087
284
1998
4410
538
4897
519
5137
6697
1040
2425
3740
2686
5949
640
6429
4971
4414
5735
6311
4477
6068
4419
2008
2974
1579
7383
401
3167
4560
4292
5071
7893
3865
6251
4725
4037
4024
3639
7707
3590
7495
5027
6590
3780
4349
6213
223
114
6127
6603
40
4431
3363
2660
2207
660
5914
6570
4838
2373
6787
7134
5483
4791
823
2825
2060
4252
6851
2983
82
1591
463
1432
2667
1061
7158
7857
6905
1980
1976
1325
2781
7293
3091
1287
3968
877
821
2651
8
7716
5060
4517
705
591
1548
3580
7957
6227
214
1936
3160
7996
6317
6308
4203
7024
1871
4334
4730
7236
3053
5517
535
1749
5799
3203
1425
6318
5151
3897
3704
4993
6232
7670
1626
5278
606
5193
439
3566
675
2449
4359
1802
5810
6507
5360
5320
10
3396
4411
518
4966
7592
3169
536
6720
7389
5938
3206
4928
4167
5052
5783
3624
7377
6268
883
1260
4819
2013
4958
6580
417
2672
5719
2768
5252
5689
4616
6210
5554
1862
7827
3983
4820
4220
4484
4822
6690
436
4987
7041
5108
2952
92
6571
3028
7051
2520
5954
2646
2920
7983
6409
1621
2914
537
1742
1575
5811
1987
1685
3323
2908
2992
387
3339
5647
7768
3884
3257
1609
1348
1045
5345
5084
59
1921
2465
6421
5812
3336
2445
1735
5933
7378
4246
4175
6380
5022
4451
5853
645
5028
2851
6899
6791
2984
5958
4634
3729
5405
5207
2384
7605
3190
4397
5079
5813
1248
3637
7851
6750
5535
6754
4816
1052
7065
2148
742
5541
2598
1992
4710
1669
3607
5741
6704
7864
609
3437
1196
7532
1490
7238
6961
4968
7432
2965
1089
3181
1384
5912
1928
2587
402
902
1447
5489
4766
7984
6640
6810
