1
4197
3824
102
2222
2886
2553
6255
7387
1031
2878
1138
2752
1560
6473
3721
663
3487
5352
7713
2538
4258
4544
2910
6437
7050
7190
7562
454
155
423
1665
699
4744
826
1265
4661
1588
2294
1885
3841
4197
3824
102
2222
2886
2553
6255
7387
1031
2878
1138
2752
1560
6473
3721
663
3487
5352
7713
2538
4258
4544
2910
6437
7050
7190
7562
454
155
423
1665
699
4744
826
1265
4661
1588
2294
1885
3841
7700
5639
142
6552
7703
6963
7361
5979
6521
7380
7640
1934
5501
6075
3960
6618
2618
88
7738
7782
3317
1225
837
99
2201
4886
5732
5334
4900
6171
7525
1065
7762
3974
22
4030
2807
6892
6424
5435
53
2064
2620
7135
148
2029
1043
5645
1459
6099
6122
4524
7779
7725
729
737
4528
5910
6147
3890
3798
320
3618
4057
6693
3259
7127
559
6801
6204
5553
3178
5485
7150
558
4711
638
4656
2568
2756
2049
1645
7175
7213
4455
5836
2230
5003
6468
7801
6313
5655
2507
1911
4959
1683
3577
5407
4972
3598
5549
5626
3896
994
5139
7403
1262
2155
2340
6253
528
5571
770
5779
232
6516
3460
3887
51
3299
4775
865
411
1818
2731
3370
4121
3555
6700
1726
7872
1420
1876
2188
6214
3926
7661
6027
292
868
5031
1823
5833
2371
1646
4643
539
6012
1641
5976
3251
685
720
652
3877
7319
7060
3990
1662
7259
6010
2412
2801
1729
458
2653
47
3042
4895
6503
7126
5737
1296
1266
3002
4986
6066
3828
903
3392
4789
5133
5611
5998
3593
5387
5724
4500
2067
1913
5107
5068
6991
1160
3005
6097
927
7530
7593
7146
788
5380
6540
15
7186
1965
5061
4606
2542
1777
2526
3078
1096
5229
7470
1140
6881
2126
1301
892
4233
7097
6233
112
1066
1701
3773
364
352
3104
3110
2313
4870
3446
2328
426
1161
825
1567
4487
6728
6809
338
6699
5697
848
2314
7009
4065
4975
5878
1092
4839
6374
6920
7464
7860
3130
2283
7702
6146
4704
2061
1194
206
5546
3512
7631
3016
6677
5199
2209
3800
1154
362
2218
2439
2652
6120
4035
5972
6745
2097
7783
230
1153
4715
961
3509
2403
7408
6199
4981
3899
5948
396
5146
4734
3810
2811
1284
6643
1113
4232
781
970
5063
5879
7750
2375
5670
5820
3930
1632
3558
1433
5495
5621
1182
7587
4160
294
3784
4463
3707
6628
4010
3895
1849
2058
3953
2661
7630
1798
7279
2308
1035
6951
4709
4681
2215
597
5653
5694
1902
1205
5792
2413
405
3777
3034
6322
7209
2271
2582
2955
4850
6496
5901
4033
5704
904
1629
7251
4947
1958
1725
6518
757
4881
1137
4112
4119
656
1179
150
854
4930
2056
4159
1839
5432
4903
5548
1989
1502
303
3820
2682
7004
3852
1968
5663
6557
7354
6789
975
332
453
5197
1025
5140
2916
6918
4527
2963
1508
5523
2787
4501
154
2675
3746
1933
747
6003
5422
1457
1072
2356
7711
4834
5288
7025
1152
3883
2171
3811
1315
2023
4195
2482
3789
6665
5147
5054
6827
1860
5216
3787
628
3101
864
7912
1133
2178
4130
7367
4756
895
7462
6752
4192
5846
4761
1676
7481
1755
1509
1524
5942
5830
1565
7137
1910
4613
5631
3808
5492
6820
6316
5614
3443
3658
7510
2175
1369
5266
1400
2353
2199
4179
6682
6455
4554
2998
4244
512
7394
828
2259
3038
2411
235
83
6547
1657
5740
7192
602
4223
6941
556
4674
3819
1939
2296
5225
2563
6794
1612
7540
589
4890
149
5484
2905
4665
3420
4612
6350
1764
1532
4633
7500
3163
2093
5791
3061
7204
7136
664
6008
5462
1505
30
425
4910
6983
7921
1336
5169
4813
4017
2640
1184
7228
68
3889
1674
7281
1350
4150
7855
4990
7968
5338
5873
4609
2433
2329
257
3393
884
713
3891
6637
7881
1189
7604
7674
4034
2637
7336
1796
5864
3633
1894
2081
491
6393
7100
4313
4648
191
5358
3604
3364
693
144
1020
6933
4786
2251
3058
6358
4068
2770
4951
3185
1682
3054
2986
4812
3513
3188
2087
7775
3796
7729
4143
6319
2792
6715
6004
5000
2810
5802
1203
2764
1536
2733
2702
6513
3166
6084
1889
7147
6585
7474
6361
3493
437
5461
415
4894
6589
322
3831
4261
4090
3218
3622
648
7637
3666
6600
1486
762
2326
5267
1845
4388
1221
5047
603
593
6625
661
4080
4405
7854
4225
7191
7759
3282
5893
5213
840
2195
3845
2118
4493
283
671
6211
1074
5968
3096
3719
5464
1363
7220
4029
7216
2358
192
1582
4107
3447
566
5959
2833
242
5738
4505
5262
5723
777
6282
5289
442
525
256
3690
7396
876
5840
3600
7901
7101
1132
3310
3641
1809
1394
7619
3762
5817
2223
6239
522
5062
1877
4919
6707
5733
2113
2882
1797
3395
2692
3894
1019
4134
6672
6543
1166
3236
2289
6373
3449
846
5746
2481
5894
1392
7816
1056
97
4208
7086
6072
6767
5627
7891
6349
7946
2580
190
5609
6866
3879
2288
3528
7184
1445
5113
6134
3436
2856
3467
4513
2245
543
75
4102
6014
2431
1808
7662
4831
5898
1559
4312
6200
6291
4052
4778
4354
650
4557
3199
1351
1222
3361
5932
6509
7717
3405
3313
5573
5294
483
3489
1545
896
1305
5259
4425
5386
482
358
380
3408
5143
3663
5073
1497
5903
3143
724
4461
1481
2799
5708
3476
7226
2941
7929
6530
2441
6583
3501
2650
3136
4256
1070
204
1307
7287
2600
2062
2911
289
3276
1736
7274
5417
4907
1795
7991
5127
6375
346
6893
1984
3806
4335
978
4921
3508
5682
3032
2949
5456
7928
3653
6273
4245
6149
3677
5050
4344
3072
4694
2870
3583
3071
3485
5990
5565
4847
613
529
4683
2522
1073
4365
3665
2754
4059
6063
534
7859
6478
6281
959
5939
3357
1027
5685
4641
5384
3441
318
4691
7622
7639
1878
5753
6461
7485
2038
5605
4902
5343
7777
4620
3325
1303
2027
7348
3245
127
6988
3243
4821
7542
1737
7344
7090
4308
2898
5118
611
4366
3426
188
7138
1278
1512
1475
3102
7131
1372
3092
244
4713
1376
1473
6849
1001
1162
6116
7156
6948
7018
6287
3311
4992
2301
2011
7483
768
2996
2305
5556
7058
2641
3791
4498
5192
3916
6104
6484
1165
3771
4569
5136
3699
3747
6800
5926
6076
1852
353
2262
4618
4770
875
3882
3278
4393
2467
4920
4595
7121
1741
7288
1352
1554
2820
7924
3488
666
5156
3063
6129
1193
5899
2151
3654
6238
4460
937
389
7149
1071
5007
1482
3698
2746
5223
6601
6124
6505
6102
1229
2108
1272
5049
3402
3659
1648
3507
7793
7433
3866
5754
4490
7326
7118
7422
2290
7829
1630
2834
1782
6860
54
7346
7672
2442
7989
4837
2521
1365
3400
5545
4626
6265
4684
3505
3380
3650
3406
345
530
2562
2
1498
803
3700
2767
4805
7376
496
4044
378
3766
3804
2022
7214
3182
310
5881
5271
4238
1353
7381
6862
224
4906
1792
7798
3913
4671
6398
2202
6180
6343
7407
6717
2990
2967
7720
3868
6182
7035
4798
2806
3657
5421
1775
1574
5012
6907
588
6915
6410
6154
1223
3818
744
5803
6642
7277
1360
1853
4249
7358
7521
7911
2110
407
308
6946
3429
2939
4218
2794
2381
5711
7575
5311
879
7519
3139
866
612
6869
3640
2704
6056
3233
3606
4960
1407
3146
1946
1552
7353
7291
6914
7455
5230
4742
5013
6878
3353
1959
6538
5575
2052
554
1217
1731
4899
6679
3847
5504
412
7671
4055
3365
5758
5056
1846
4116
3903
2842
1826
5359
4653
5991
5251
3468
1625
2212
7533
3123
6660
1198
4289
1518
2516
2409
1879
6206
5431
859
6626
4979
7451
7559
4166
3015
1386
921
2123
1357
4644
5656
2657
4592
1757
5373
5709
3967
6394
5950
701
4846
64
185
7185
2415
5196
6975
6477
7074
7298
7080
3438
6746
1583
6926
7282
6740
6579
6567
2844
2935
6685
7419
4537
1192
315
5978
3391
1033
2737
6730
7938
1730
3076
6034
3297
4445
7778
764
6418
2738
6327
2321
3241
7590
4140
4127
3490
4514
6575
3743
5634
1671
7789
4101
2355
5845
2459
4118
1580
1581
6235
163
6280
4859
6371
326
410
1280
4286
6732
4298
6457
5986
7677
3305
3874
920
193
4689
7501
373
2219
4655
335
6812
7010
4509
6723
2747
6792
6891
6334
714
3575
1004
5260
7078
5622
4129
1094
5973
1901
5703
4932
581
6458
7922
2098
147
5604
1673
4857
5870
6510
2100
2464
6676
1480
7771
5306
3189
6835
397
3723
5481
4755
2377
7141
3977
6114
5114
6636
5925
4347
3094
4135
1485
4950
4716
5493
6376
2923
3231
4731
2953
3959
447
5946
3135
3613
7772
917
6863
7244
6906
1758
2589
3946
7581
5613
6284
445
93
5921
7073
2398
6237
1346
1947
2774
4098
842
922
1595
7351
1748
5718
1848
1724
7794
5911
7509
797
7760
7653
1364
4296
5093
6452
3093
552
1589
4268
4485
3404
5154
888
767
5780
5599
395
5272
6817
5375
4926
3079
1754
7972
6694
1428
5011
6346
2875
2242
7915
7942
5587
796
3249
6814
5255
881
7089
3857
6969
17
1331
706
4867
5044
7117
7764
7486
3430
7502
669
2161
1620
4417
6698
472
7688
1687
5117
5913
1297
3750
4443
4801
6837
4097
4878
2809
5144
3783
6546
4378
2455
4242
4675
2884
2947
7706
3901
3794
4825
4407
1708
7863
462
4607
3651
3288
4649
7571
157
4453
847
3456
3107
3906
551
1954
172
5219
3578
639
3751
5025
1539
3187
3342
3745
5823
2560
2673
3022
5576
3848
3401
3358
7954
6781
288
5444
7215
4823
932
3454
5057
7055
1010
4333
2225
3263
7303
4936
2479
