3
100
1166
1148
112
197
1390
78
83
421
735
1693
408
431
336
881
329
1674
1835
1219
1453
1619
299
947
1233
237
1177
1903
154
347
1763
1124
1179
510
1024
1004
689
46
77
1873
152
233
100
1166
1148
112
197
1390
78
83
421
735
1693
408
431
336
881
329
1674
1835
1219
1453
1619
299
947
1233
237
1177
1903
154
347
1763
1124
1179
510
1024
1004
689
46
77
1873
152
233
483
1739
1140
1616
1530
72
1791
1369
667
461
972
1253
472
1570
1408
1633
681
1714
1138
1142
1468
33
792
831
759
1749
367
458
130
1374
991
843
1281
1003
184
1534
1784
1635
318
418
963
1733
1107
1238
490
1550
728
1128
94
1171
466
1210
1598
99
1363
1759
1775
1864
1523
1882
313
64
835
1897
1441
1392
1355
1839
145
1168
27
1097
608
1307
694
496
673
1217
1099
1183
1109
724
793
1203
1700
1899
1310
522
725
1059
1691
1311
764
1642
389
1514
997
1368
119
1538
545
1321
1461
1807
624
1391
1915
1618
437
1930
535
208
1486
1389
360
122
1738
1517
737
1754
1426
225
135
1319
684
1717
1971
305
376
957
1058
1493
417
1512
1284
1285
588
809
1295
1604
1102
1760
1316
1862
926
502
1498
51
1046
1371
1488
783
976
1666
1192
1463
402
1631
391
747
1863
280
748
580
1068
1499
1382
1370
906
960
1324
932
1421
1251
803
762
231
1359
513
1358
688
1452
359
849
599
1204
482
503
1622
1684
657
232
1980
1755
1007
88
235
1730
620
1450
383
851
160
55
649
841
1458
1810
1528
1992
727
1994
151
1931
1227
1013
242
550
701
679
81
540
720
1126
248
1977
1073
939
541
969
467
1786
400
584
307
1990
847
529
473
594
36
1448
1890
1397
1723
1022
1900
1119
1027
1590
601
914
20
1509
1803
739
1507
791
1031
1356
942
869
1012
1696
366
217
1867
954
597
891
1710
1112
252
967
1433
1736
1798
464
1883
568
167
909
1427
1176
1896
647
443
209
374
901
1969
1872
317
1574
1504
1698
1912
215
1160
91
631
455
1401
1692
477
778
1101
263
1484
574
1153
751
1855
279
547
1535
1552
1021
1641
816
1675
182
787
1410
1613
1851
1455
975
1241
156
238
1125
1637
1800
656
265
506
1117
511
159
575
741
1846
945
1402
508
1127
32
1419
1040
526
1545
321
1962
287
678
900
1038
0
1485
1524
711
1297
1345
1778
1943
1886
406
234
1293
1438
1937
556
1849
1165
885
1920
127
1713
1669
530
1384
132
1748
1651
505
990
951
1594
250
840
70
259
1353
1605
1924
1215
1606
1042
1406
369
200
1225
919
489
1090
920
487
538
1464
1569
438
388
595
1829
1352
1439
340
1505
454
1202
512
1933
11
164
222
1340
1557
1154
1857
1695
66
1664
836
273
176
984
49
1270
1239
1764
892
1734
1501
775
555
713
1237
668
1573
79
765
1540
722
1416
593
497
1529
1379
1267
272
1197
309
756
826
39
53
1162
1581
1860
1496
1699
830
691
771
1563
1981
1575
1350
1768
1652
817
311
84
1211
1460
1167
1023
1946
1612
26
655
1544
1131
361
190
1940
692
392
609
1837
149
1258
419
1069
1223
1164
567
264
640
327
1690
616
1393
1206
899
201
924
1516
226
144
766
1259
1228
276
1724
801
1318
1732
1688
1170
659
380
1964
204
1814
162
815
1205
1876
177
719
106
844
998
1052
1673
1617
1095
102
687
1830
1479
606
1632
492
671
978
1155
686
544
531
1467
291
1902
1377
660
1842
871
1731
736
19
1338
904
1000
789
398
520
1593
542
690
755
1905
528
1686
1745
1409
1500
621
1367
133
1951
723
285
319
519
800
662
