0
7044
7522
1926
1801
3483
4611
6667
5210
5915
6107
7806
3280
7471
3856
4578
1883
4469
6955
3861
2659
4353
4173
730
2853
6162
4275
4787
7366
4632
146
2718
2374
5672
5919
7044
7522
1926
1801
3483
4611
6667
5210
5915
6107
7806
3280
7471
3856
4578
1883
4469
6955
3861
2659
4353
4173
730
2853
6162
4275
4787
7366
4632
146
2718
2374
5672
5919
5244
1542
1835
6556
7155
7333
1215
2895
1718
3924
751
7318
2053
6396
1426
3390
7317
3066
4703
7125
1361
5245
2369
1812
983
3465
3687
7800
5237
1898
7321
3582
1997
7763
3050
1880
321
5505
4165
4817
269
5018
2191
7805
6652
3816
3869
3113
3662
6078
4073
6352
5095
5083
7866
7424
1063
5676
610
2537
7602
7221
6183
2070
6632
7404
2380
7261
1344
4273
897
6111
3252
7028
2066
5080
6340
6757
7030
5363
3100
943
6335
5123
4954
804
7740
2850
7110
5446
6645
5258
6248
6406
7544
4270
2889
3450
761
6192
5787
2041
39
3753
2821
5513
7442
1130
1806
6751
3904
4046
948
624
2254
912
6356
7754
7270
7917
7246
4251
3683
3480
5890
6623
1692
1819
5964
5298
2958
4138
3459
3506
1909
2777
3693
3295
2894
6049
7648
5897
3814
7802
3116
2779
824
1359
4300
246
3696
3961
7067
4468
314
4587
6307
3212
4174
5233
3550
1611
3367
860
1778
1081
6285
6498
7666
7444
6256
1408
2785
3559
7208
2300
2320
2700
3499
1199
6514
5807
4049
285
4540
5624
1139
4705
3375
7053
1537
4211
7218
6249
4145
517
2711
4584
1450
6440
5507
6474
196
2089
573
775
916
6880
5269
5757
4177
4929
7849
7164
4099
7308
1838
3902
1431
6108
5590
6148
4194
3209
4131
6041
5617
555
4561
6230
2454
467
3068
6329
4276
1944
2472
727
4117
1613
7115
2390
4759
6069
7721
4058
4236
6749
7418
1235
1905
3586
275
6314
6031
5445
1540
2045
3546
6379
1118
6850
5971
2458
2402
6105
4916
6244
12
1573
4511
3346
7934
2261
3162
1200
2423
431
6773
5074
4302
6442
3086
3174
5412
5752
3608
7749
6845
5865
2246
5275
3069
1940
2599
4383
7613
782
3165
5868
7087
7997
4042
2508
830
7909
4863
183
7903
4089
6553
4515
403
7977
2480
4803
2606
7818
3757
3951
4999
4369
2578
2938
1643
7235
233
4430
6937
7588
5410
372
822
3822
4415
7795
6549
3644
4375
776
6842
3423
4482
587
4654
4149
1291
6103
5103
2576
3515
6337
5832
189
4072
3718
544
2961
1158
81
343
5987
4780
2265
5055
1644
7994
5851
6826
7616
563
3215
1216
1069
2742
7876
3873
1362
6815
1970
3111
6100
3240
3269
6480
3722
6234
616
4651
3204
4721
3407
7000
1598
2780
514
5087
7170
4025
5721
5403
3529
960
3576
6825
4196
3525
774
3793
6443
7247
1642
5458
2901
5043
1286
870
2594
5827
166
6491
4077
1836
342
5671
6438
3141
3695
4474
311
4013
5438
1423
4315
5522
5394
7232
2492
7819
7467
4342
1843
6806
6155
4076
6927
2090
4935
365
801
4667
49
6896
2877
2544
795
1290
5521
2912
428
2021
1753
5
4433
5875
5122
4853
2414
1329
2858
4428
3511
1298
5502
186
5848
1963
5155
6044
1890
2948
291
6943
4136
6818
5454
1304
3164
5699
2937
5014
1120
5101
3155
5527
2143
1430
7887
4869
1572
1470
5562
5205
1768
2519
1227
5371
5202
3652
6561
383
5666
7229
2691
287
2808
5849
4782
843
6053
2595
784
4183
110
5330
5772
7128
5313
3214
1507
1769
946
3366
158
3834
1711
6726
2591
905
4237
5952
2804
5597
4495
7673
7498
4075
5588
29
7730
7817
434
2211
7606
50
3470
1274
3588
2622
7566
4168
7368
5104
1667
6541
2311
787
4530
936
2227
2696
2032
1619
1794
1721
7658
7075
32
7734
7461
6264
2424
5023
6062
7493
13
6158
7494
4680
3062
4610
2051
7839
7743
4348
2957
5506
3703
2619
3033
5295
4063
4180
7945
5512
4776
5120
7538
4957
2775
3381
4009
3610
5163
5332
6586
1897
4016
6383
7896
3928
3108
5564
6532
2389
3548
6680
3009
2477
7391
4389
7037
2035
4942
3972
4635
1672
6117
34
4941
1617
2930
2240
3520
3716
3025
2919
1444
4374
3989
5088
7154
5992
7334
5814
3674
1799
6879
7294
1224
231
3131
1478
1415
1967
4745
6529
5886
363
4226
6856
5928
7547
858
2513
4011
2003
4213
5936
3994
5391
3664
2255
119
4051
4727
1520
836
3055
732
2713
5805
3910
5032
4345
160
1960
7059
7965
7998
1587
4008
3023
2046
6871
2086
3377
7966
3352
450
6990
7834
7523
274
7572
2448
7140
7183
1451
2559
5162
1830
2444
5419
359
5232
7152
6984
6487
6565
734
2273
1922
7042
5734
5220
3682
4774
6345
6470
72
4327
547
6874
3348
2506
3927
3522
5765
123
1471
6765
5211
5793
3073
229
4096
6413
5280
7799
5186
3585
3712
178
746
1218
3500
461
138
7189
7871
2964
4497
7434
2164
3309
604
5436
3570
6619
2368
5309
7023
248
3105
3343
1767
4741
5857
1036
7507
7970
6861
4382
1238
2401
1738
3202
1275
2189
6986
2530
476
1311
6909
6428
7161
3000
3330
368
6246
76
3011
4535
2133
5415
7160
1247
1460
5317
374
3767
4413
3970
3853
1515
7813
5641
2036
2860
5625
1277
7124
818
5570
6454
3675
5208
7482
5606
1149
4546
5980
6578
295
7309
4434
7643
7402
7786
1751
6095
861
5632
6755
4395
179
831
6348
4887
7594
1441
3534
1776
7480
1324
1013
3685
4994
2405
5036
4848
375
1318
207
2437
6260
7773
4565
1417
2383
1647
2876
2539
4019
2862
6483
2874
7979
7832
4702
1750
4688
6475
7812
4123
3024
5064
3956
1242
7031
7001
5994
1168
1108
636
1244
7088
501
2871
5322
2612
6392
3248
5760
2318
3472
816
1822
7899
7733
2968
6639
3758
7447
3152
4751
132
5361
7708
7107
7178
5497
1688
2688
4918
5176
7129
7122
2486
2157
6385
2069
125
181
391
2758
7266
5842
4637
6965
5989
1327
1487
451
3138
1041
6528
5633
1448
7973
409
6229
3702
3706
1368
3262
3142
474
6085
3510
4480
1599
7913
2611
2813
1811
7349
3115
1443
5598
2533
1187
4012
4322
4250
6466
7944
6220
3862
655
1302
1453
7803
1991
5540
2429
384
6973
2065
6939
6382
3445
66
1745
5413
2297
1597
2496
923
3563
4222
4299
3056
438
7545
4750
5170
488
4161
2071
7196
4343
989
5834
5382
6576
427
1734
4627
7879
5957
4964
2892
3198
6692
90
7430
3371
7697
7742
7275
5781
6889
3158
1990
3795
3774
3059
6831
5944
394
5649
3935
4269
6207
1253
1732
5145
4809
2428
2359
1323
7039
6778
4602
2488
6662
5637
6854
7981
4085
5603
6542
4576
2291
6407
5400
7479
1541
2221
3805
3872
3627
4642
1257
5714
6305
6555
1722
5105
5228
4452
4191
2453
4350
3725
3567
6136
5381
1314
6139
3846
4829
2985
1988
658
7645
5920
2170
2502
5385
7339
951
3539
4542
524
7874
1102
4552
5129
2382
6591
4265
1547
6048
6964
6444
58
2551
5477
2734
6713
659
4310
2244
694
4193
429
2913
379
2050
3533
2059
2366
3996
1167
6196
1388
1087
284
1998
4410
538
4897
519
5137
6697
1040
2425
3740
2686
5949
640
6429
4971
4414
5735
6311
4477
6068
4419
2008
2974
1579
7383
401
3167
4560
4292
5071
7893
3865
6251
4725
4037
4024
3639
7707
3590
7495
5027
6590
3780
4349
6213
223
114
6127
6603
40
4431
3363
2660
2207
660
5914
6570
4838
2373
6787
7134
5483
4791
823
2825
2060
4252
6851
2983
82
1591
463
1432
2667
1061
7158
7857
6905
1980
1976
1325
2781
7293
3091
1287
3968
877
821
2651
8
7716
5060
4517
705
591
1548
3580
7957
6227
214
1936
3160
7996
6317
6308
4203
7024
1871
4334
4730
7236
3053
5517
535
1749
5799
3203
1425
6318
5151
3897
3704
4993
6232
7670
1626
5278
606
5193
439
3566
675
2449
4359
1802
5810
6507
5360
5320
10
3396
4411
518
4966
7592
3169
536
6720
7389
5938
3206
4928
4167
5052
5783
3624
7377
6268
883
1260
4819
2013
4958
6580
417
2672
5719
2768
5252
5689
4616
6210
5554
1862
7827
3983
4820
4220
4484
4822
6690
436
4987
7041
5108
2952
92
6571
3028
7051
2520
5954
2646
2920
7983
6409
1621
2914
537
1742
1575
5811
1987
1685
3323
2908
2992
387
3339
5647
7768
3884
3257
1609
1348
1045
5345
5084
59
1921
2465
6421
5812
3336
2445
1735
5933
7378
4246
4175
6380
5022
4451
5853
645
5028
2851
6899
6791
2984
5958
4634
3729
5405
5207
2384
7605
3190
4397
5079
5813
1248
3637
7851
6750
5535
6754
4816
1052
7065
2148
742
5541
2598
1992
4710
1669
3607
5741
6704
7864
609
3437
1196
7532
1490
7238
6961
4968
7432
2965
1089
3181
1384
5912
1928
2587
402
902
1447
5489
4766
7984
6640
6810
