14
2735
2173
4678
1675
5165
981
7400
1042
1578
2450
3715
2749
1134
2904
4636
4563
4567
3216
5350
6355
367
133
1844
1058
3988
6985
2421
5276
3568
5002
1941
2159
2633
5378
533
856
4450
2959
2187
3643
7373
2735
2173
4678
1675
5165
981
7400
1042
1578
2450
3715
2749
1134
2904
4636
4563
4567
3216
5350
6355
367
133
1844
1058
3988
6985
2421
5276
3568
5002
1941
2159
2633
5378
533
856
4450
2959
2187
3643
7373
7784
4843
6779
5640
3211
7011
1694
3088
2137
3173
1374
6607
4329
2109
113
5743
3649
6436
1813
6132
1752
5215
6658
4283
5425
7033
667
4231
1155
1236
1787
7457
243
7516
3177
6430
5717
6289
4095
5692
5214
386
302
4031
2226
6060
3497
1568
3170
6338
7870
3464
900
2824
7926
3294
6007
6956
3532
2101
808
5498
3656
1999
7198
4255
1326
7908
7300
5742
2264
3097
3781
7248
5862
2033
3385
3106
2376
1279
2247
4181
1300
2706
725
977
6208
2840
3466
7301
3660
898
7995
301
3048
7241
6691
5281
270
4901
3826
6021
324
5667
80
2940
1093
2865
3471
1469
5509
5880
1095
6092
3925
4039
3035
7624
2966
2863
4459
7119
503
6797
799
673
7207
4532
4492
2267
6649
6431
6935
7978
4722
3137
3440
1231
5316
4804
4403
3720
619
578
4340
753
2867
793
1858
3175
3859
1000
700
7520
6683
3516
6747
1370
2490
1601
6708
2379
2501
2627
5858
3044
7791
1436
4868
6762
4605
745
2095
511
4475
5804
7681
1908
4061
7797
4670
7465
4977
4574
2518
532
4015
7641
7987
6130
1059
2635
6839
6045
4645
681
2312
7792
3147
6495
4280
6433
3933
3355
323
3383
3284
3043
94
1356
5882
7962
6439
1930
2814
2279
1955
2936
7201
1455
4989
2088
5600
949
1664
6202
1135
7280
7130
4668
2438
2989
2234
5021
956
5937
4940
6090
475
641
906
1421
6323
2365
413
1840
7217
220
5646
4962
1169
7315
4570
1283
4872
7268
1209
988
841
4697
1661
1723
7205
2934
6112
4549
913
57
4536
4320
2474
707
6852
5364
6772
5357
381
6224
885
1273
7284
2741
2295
5726
3256
749
4271
5583
6953
958
187
6123
7302
4696
6784
3340
2144
985
4105
5153
2854
336
550
4622
3545
5125
4873
2689
6499
7923
7193
6387
167
4214
4988
4457
4720
4199
2266
1157
4585
3434
3551
3458
2078
7038
6159
5981
7429
506
7165
6212
680
5240
5511
296
7157
6184
3680
2761
1900
6627
2020
813
6782
2407
4070
6783
3686
510
1503
7421
2168
1561
485
6216
7644
3605
567
4526
3776
2395
4479
6737
3678
5198
2416
2822
1022
6188
6038
2169
651
7182
7046
5467
2471
5829
6080
2417
7047
3626
7663
2527
3183
7195
349
1240
3126
620
6865
1529
7836
2715
2677
2932
2903
2769
4186
3064
4278
3547
3851
2393
1521
7621
1571
2010
3217
4628
4496
7425
2879
908
7324
2701
6998
6635
2281
6150
3763
6577
5203
1569
490
2745
5589
1919
1650
2253
5974
7986
6897
5239
3886
370
1549
2592
2388
1128
3982
6886
5040
3191
457
6573
236
4833
7265
3646
2960
7362
4066
4608
2057
6534
4266
3999
3958
19
7623
6655
7357
4370
933
7200
4995
953
5365
2504
3320
5927
5128
5034
444
2556
1705
6420
4660
7831
27
1054
5450
3373
5909
7577
1658
617
6378
6512
1091
5608
4154
6688
2257
4084
6686
2315
4708
7452
6877
2656
4556
1916
7219
5058
4827
3672
7456
7617
416
3235
1924
4991
4551
2728
7568
5584
2899
446
5124
5121
584
4228
4858
4973
6059
5525
6705
2828
4234
44
1435
7880
1230
6400
4933
1927
2485
4581
982
6535
5674
7848
6401
7607
894
1383
5748
156
71
6702
4398
7560
5397
6365
1177
1142
553
569
3779
2509
486
3878
2451
2461
5315
3326
2258
7956
6009
5406
218
2357
152
759
6391
2815
2593
4418
6957
7701
6286
4091
1957
6958
7083
5175
2722
1964
4170
3082
4736
5866
3642
4178
6456
6841
6354
7955
2082
7890
6051
4158
5687
1739
6032
1309
5256
489
907
5402
4925
5441
7409
993
6982
6993
7676
3584
6091
2665
5166
5329
1212
3319
7320
398
1382
7443
2347
5465
420
7371
4229
5698
4247
7245
6517
3821
6416
832
2725
399
752
2487
6972
647
6819
7712
2317
6617
6527
4230
3892
5261
1918
5580
7650
1700
6357
6566
5767
3272
6368
5683
2292
404
855
7861
3966
4701
1261
184
2162
3504
211
4984
2763
516
1037
3473
7796
4794
6309
2419
3020
786
4006
3308
3786
7363
4184
3973
1651
2284
7695
1942
4879
3356
2643
6481
468
3382
7873
7867
6043
2121
1100
2759
4156
390
470
393
2489
1378
1454
4486
1932
6172
3543
1477
2190
122
477
7478
3291
4311
971
3870
5596
3914
2063
2119
6569
1121
794
605
2208
1338
6832
3271
862
950
914
4267
7790
227
692
4444
1847
89
1410
2505
4686
7844
1396
5250
5774
4638
546
4555
715
3962
5547
7084
3067
3554
3726
4572
2456
646
4274
4785
4003
2751
3180
7063
4005
4235
576
1859
1697
4507
5318
5586
5702
4447
5433
817
38
7109
2552
6058
5710
6520
2873
6894
6526
7850
5612
3574
215
6736
7012
4387
4279
3792
4969
3376
3739
5418
3154
4577
1702
1115
7179
3332
6786
800
6065
3300
6390
7449
6135
1904
3171
3936
465
1293
1208
5759
2954
2995
1538
4104
541
7918
2436
5098
2773
763
5644
2736
2669
2925
7564
162
126
1494
2079
5182
627
6028
649
1828
5340
2293
2647
100
5530
6979
327
7693
1511
7846
5132
5806
5815
867
3156
5469
5157
5745
5916
6966
7290
1649
6808
67
3518
424
6145
3481
6243
3264
5966
4002
2558
1398
1869
357
7840
7656
5977
4307
5291
1330
1949
5148
129
3286
5798
5951
3260
7174
2243
272
1159
7202
4253
36
2803
1556
1381
6870
1026
2286
6932
7036
3764
6684
7093
4021
811
4717
5372
5337
5480
5795
2237
2524
4603
4295
6125
7072
1605
2603
1952
7552
6266
3414
4162
91
5739
6882
6554
3368
1504
820
4854
3360
2739
263
6425
1570
6997
2664
4913
5773
1513
3748
1709
7696
1111
4806
5962
704
5499
276
43
2732
507
7776
2642
4036
798
5476
6716
6422
2614
1874
3341
3542
2699
3498
944
678
2753
2535
7884
7953
2332
4240
4221
1895
4381
6605
4462
4914
7898
5715
1925
5550
4861
688
5434
3941
4985
1783
5956
5442
3349
7473
5247
3482
2624
7393
3176
7112
4663
7095
5650
2181
3128
5066
4860
579
3628
7565
1866
5690
5459
3090
670
6664
4144
1220
7780
7331
6559
6321
6771
698
1763
4562
1576
2784
7781
5788
5111
7975
3632
4538
5001
6548
4409
4700
4604
6106
7548
6389
4624
2177
6616
2080
2554
5141
2499
5227
3277
2750
2586
1312
526
4908
3129
2343
3193
7513
2185
1008
3424
5455
7578
2778
4800
199
6325
5161
3592
5496
6341
4148
369
5209
1106
4108
6489
7925
7049
1920
6434
3963
3254
3230
2503
5354
1062
4164
758
783
5601
6144
3322
3315
3521
6764
1328
5526
1710
3001
2236
7546
3905
6777
5167
5184
7990
5623
973
6143
6805
1527
4115
5067
7528
1084
293
3876
4855
7015
5696
6551
7187
4422
245
6088
7029
6370
6595
3947
6423
5174
6742
3258
4564
6301
7767
5116
7306
3523
3118
5069
7699
4753
6661
5008
1765
6052
7323
2172
1345
5675
4842
2921
5821
7032
771
4657
3098
2596
967
3778
4032
2942
7360
7222
4871
5390
2980
3070
213
7206
2304
4909
6347
5284
2214
5016
2074
2581
1206
3014
5859
4980
1085
5850
5534
5112
3232
3803
7352
5059
1781
4591
4593
7350
2517
5578
6462
851
1868
4499
635
5026
6648
7737
5594
1204
5235
1467
901
7826
3239
118
7045
5075
2926
2342
565
6731
7273
2370
2708
7057
2363
6572
6047
1594
1914
6681
5429
4358
6463
5042
7076
6775
3151
5356
4379
7787
6888
7289
6223
3556
2001
5544
4182
4779
4588
7172
6479
241
4970
4394
7453
2469
741
1038
1282
4740
7347
2420
5520
3759
4687
577
3709
4316
560
4157
4141
5888
1679
7951
4998
3491
1712
6904
7258
4122
2042
4239
5801
2693
3021
1098
3863
4155
1654
4478
7949
4707
5347
1706
4109
7958
6798
833
4884
6464
253
4054
4531
2972
255
7463
6821
5468
990
3222
2970
984
312
7685
7022
1977
2523
5775
7472
7069
46
5769
4832
6046
7555
1800
995
2714
3194
3479
3327
6017
2574
2030
2216
4438
3609
887
1151
1183
221
2831
4210
6898
1717
7947
4967
523
5943
6562
3133
7450
4442
7576
4579
4293
3827
1377
6209
1638
4746
2044
6733
5931
2845
4018
2330
7659
7882
5867
3159
7529
7591
6604
3337
1833
1077
5941
4137
5831
1463
203
5030
709
4594
1807
6179
6067
7341
478
495
6451
3561
6633
2354
4978
7845
5099
6630
2153
1526
1334
3940
107
3224
6026
5770
4454
2015
3844
7633
723
3667
695
3594
2857
6074
61
2341
421
479
1097
7852
3296
5304
7710
2536
3985
911
7230
1770
2609
5985
1127
4332
219
400
4904
7883
1456
143
1449
4489
5333
4094
1404
1592
3885
6326
5750
3463
4467
4386
1171
1373
5686
5305
1320
6695
6262
6646
1347
2352
2588
3976
5451
5290
1761
4215
2396
542
2897
1335
1466
2005
5339
6241
5528
3047
225
2478
3619
1267
2210
3730
4190
499
3307
3617
4943
4067
2256
1978
6813
4547
6656
2864
4601
7338
3799
1228
806
3670
3854
4522
7535
1385
3335
2149
6276
6834
5768
26
5362
6609
6758
7937
5212
1825
141
735
3701
7070
5551
1310
3179
7477
2826
6115
7835
4043
6302
