0
1356
869
1012
1786
400
816
1641
1730
1450
1493
307
417
1512
1284
597
841
1710
1912
1324
238
588
273
809
1345
967
1800
1433
265
1293
1862
762
231
159
1359
631
1890
1498
727
741
778
1488
1101
976
599
1119
209
482
530
81
574
720
657
1872
32
1126
1509
1499
1803
235
739
1507
1384
1356
869
1012
1786
400
816
1641
1730
1450
1493
307
417
1512
1284
597
841
1710
1912
1324
238
588
273
809
1345
967
1800
1433
265
1293
1862
762
231
159
1359
631
1890
1498
727
741
778
1488
1101
976
599
1119
209
482
530
81
574
720
657
1872
32
1126
1509
1499
1803
235
739
1507
1384
305
1971
972
1714
1748
891
1651
1112
1285
33
831
1594
1736
1295
1604
1102
1316
1924
926
51
1281
167
1606
1666
1896
402
647
1631
391
374
369
1969
919
489
1068
1382
1363
1370
317
1523
1864
1464
438
1829
340
932
1421
673
1160
91
1358
389
1514
688
1452
477
1321
11
164
1461
624
1618
1204
208
1340
1622
1426
232
1755
1855
1535
1739
1140
383
72
1791
1369
1613
851
461
667
1253
1570
1455
836
1142
1138
975
156
792
176
1458
656
1117
1931
508
1107
1239
1764
276
540
466
1734
1210
1598
969
1040
467
313
584
835
1962
775
1524
1839
1237
668
1990
847
694
765
496
722
593
1310
234
1267
556
1368
119
1165
1723
885
756
1920
1713
1669
601
737
53
791
1319
684
942
1581
132
1058
431
366
1674
217
1496
1233
1699
830
252
1749
840
70
1760
1353
1798
1605
1575
502
1883
1046
1768
783
1463
747
1863
1177
280
748
901
1128
580
817
510
1225
1211
1023
1090
1873
1946
1574
421
408
538
655
1504
1168
388
27
608
1439
1505
1763
215
609
1251
1217
1099
793
803
1059
1311
455
149
1915
122
503
1179
1154
135
1153
1857
547
1021
1664
620
787
947
160
924
347
1637
984
506
1516
226
152
100
575
1846
184
1784
318
49
945
1402
1835
1228
1227
1013
550
963
1127
1238
892
1124
1171
1073
233
99
1501
1759
526
197
321
881
1897
1038
1392
555
711
1573
1778
1943
79
1540
1024
473
1416
1109
1700
1529
1379
522
1438
1937
1397
1688
272
997
1693
1170
380
1391
309
299
1900
437
1930
535
154
826
1590
914
39
689
1162
1860
1616
957
954
759
259
1350
83
568
1427
719
1042
1406
418
1733
1673
311
1460
1612
920
26
1544
960
1131
1441
361
145
1837
1202
513
512
1807
419
1903
1484
360
1517
567
751
264
279
88
66
735
681
649
1810
1528
458
1374
1635
106
242
1550
248
1775
1882
713
1297
406
36
46
1203
204
1754
225
77
162
376
1696
1530
1867
691
990
951
771
1563
130
1981
464
112
843
78
3
443
84
1167
906
487
329
1569
1698
1940
1097
492
1155
686
454
336
849
222
263
1389
1069
1557
1980
1842
327
616
1390
1675
1393
1410
1453
55
237
899
1125
144
1992
1148
991
1994
1259
1619
1270
102
939
541
1219
978
1307
1166
1691
127
1964
1814
815
1205
472
367
250
1003
1371
909
1652
844
998
728
94
1095
1004
1830
190
595
692
1352
671
392
1183
724
725
531
1258
1467
359
660
1164
640
1717
1552
1690
483
182
1731
1633
1206
736
1468
201
177
511
766
1534
151
1052
701
490
1419
1724
801
1318
1732
64
606
900
1355
529
1899
497
544
764
1642
659
1849
1538
545
291
1027
1486
1738
1377
871
1031
904
1215
1192
1632
1401
520
1692
1933
1593
1902
1223
1684
621
1007
1408
1241
1876
19
1338
1000
679
1617
1409
1977
687
1479
1545
1905
1485
594
1448
1022
1745
20
690
723
1851
1176
1500
1367
789
287
678
1886
755
398
528
1686
542
1695
133
1197
505
1951
200
285
319
519
800
662
